1000
942677 605258 0
982075 150926 0
977544 664983 0
912115 306133 0
984412 832056 0
929412 32989 0
923617 62248 0
988122 617087 0
983878 550494 0
925242 382660 0
919840 171134 0
993507 971288 0
912002 193224 0
927991 854544 0
901222 488592 0
948687 309274 0
984778 589612 0
917796 589254 0
945323 652695 0
958916 930662 0
934062 815266 118796
946105 149353 796752
998063 594922 403141
906419 671561 234858
994393 777648 216745
928714 834141 94573
929743 693609 236134
913451 377009 536442
961071 915716 45355
975534 454393 521141
979869 317782 662087
906192 819769 86423
938630 669743 268887
910617 584337 326280
921193 205320 715873
964630 255755 708875
941509 35935 905574
980230 36210 944020
912258 445211 467047
988808 644645 344163
985606 626892 288588
915348 14625 248754
940740 329310 364540
916274 695070 1371
924142 203094 205852
946419 928532 14024
997667 282354 692439
945945 826827 105520
940328 223886 422105
952586 668447 78010
942885 83653 647861
914713 456895 47310
999992 69760 463704
926712 361566 331642
900597 836167 48083
939129 576166 307913
988277 718418 239109
974254 945708 9704
918092 814254 69016
952445 405665 283722
991958 104801 97136
916289 149403 438136
931307 9485 677700
914434 459961 57475
911612 297394 236203
912679 688829 144917
925270 452395 146436
970579 500044 19388
903861 747735 53558
988992 846043 131795
979918 651821 110271
978596 234849 415333
967670 491868 181894
904232 70160 36773
955500 485185 151236
945614 885330 42413
937347 341770 299470
979308 976321 755
950148 879689 6550
990193 220063 326980
902975 894693 6155
947729 342855 279662
906466 900841 3550
911880 545729 238105
941627 546524 146859
912655 823247 72297
947742 239785 405733
935163 132393 721607
932822 634685 200591
975161 723812 161345
981921 679412 200821
928707 11734 354658
964513 864245 66060
955236 618588 297893
964366 81467 153464
954460 750974 67468
921843 253979 337711
908137 195801 129984
951218 155562 65309
971298 422186 80466
924665 901828 8812
991237 93583 513569
965962 742322 15056
983806 496446 159220
965353 756504 7367
933399 193781 275288
933557 465513 367069
970470 78311 29374
939798 247707 551860
991688 156099 313418
999982 939174 42891
951302 457083 20603
977025 711172 121320
983617 841822 134837
966604 353596 480279
967614 68178 377022
966598 266909 627928
927648 446404 62250
969577 806318 115032
908853 145437 151051
936989 793439 116977
986849 304753 566331
903493 239075 210500
935081 106457 299156
920497 646973 7000
924106 618231 20435
900368 77985 194514
938421 720820 23624
946403 518886 50852
975532 295264 350013
948049 608143 339627
904971 3115 447268
921184 812386 95161
962650 10119 379467
996822 901808 63751
972701 832735 73484
940039 526118 270660
916039 270732 489968
938467 592268 313165
963472 270764 435527
982743 922830 57555
979910 31510 656834
906274 898004 1514
906156 586683 17662
979526 659525 228304
976634 65690 699108
932392 754854 93196
929748 116323 744961
979998 851879 108218
952720 498165 345628
973117 567987 169909
929122 922868 2266
940288 698279 119798
961052 278339 469775
926495 348128 504975
957113 491457 92155
960661 886229 7145
953857 656668 180526
942418 352374 589910
972748 27639 320352
936730 23544 669003
966061 46484 75738
949359 630819 97956
924160 734618 140203
936763 670276 19917
967636 456926 452964
989480 354422 182724
958687 356573 331607
942238 324893 355351
911304 278103 163339
980301 739145 201761
948324 96081 216723
978930 655964 282007
962042 344648 287591
903814 120772 724991
983773 357353 174683
945849 379549 171125
922432 569510 210653
910567 836362 55889
922956 771813 91744
963261 465163 162809
937304 714193 222777
941502 379055 398061
916143 243780 156733
905925 594082 292199
937344 195234 257336
934809 211434 159669
991683 124807 451304
912768 116547 304397
940482 681487 233561
963924 665342 264456
987120 363234 5359
976132 909724 60222
996669 629674 312770
940187 417747 238739
959802 513611 443202
906796 796068 93816
970649 113718 140202
993697 822674 76890
918176 553140 253492
955390 525224 105365
969287 851089 104131
991840 650285 45314
934681 594301 303004
927149 191908 398249
973058 408254 233014
972532 765980 143086
938716 899895 7645
977690 950045 166
983669 323349 245837
995960 62122 200068
977825 891090 30538
917512 272787 128395
905578 129902 144416
925462 103701 573799
983089 561664 69839
915803 894457 2734
958412 227521 556543
969896 21003 604971
979375 68 683230
994625 629483 81730
979571 635262 224270
904981 653024 150369
946985 238218 367519
969549 695504 15364
929212 96139 108954
953070 136112 654247
964272 437960 307598
984411 407535 509185
923534 185192 309906
983466 105585 312757
935948 509190 372577
901211 825753 7042
987447 260600 644607
912984 744163 115742
988619 565619 92343
987411 776147 35476
965538 60364 658468
929012 821195 107165
971874 201657 119115
961442 4399 600479
993674 510259 309281
930045 537661 109799
988065 431100 131753
956960 352706 275149
962191 429340 319117
970496 621829 277992
997676 116971 75008
902143 28576 215476
953794 894906 49320
999299 165379 181616
933283 516972 165612
918965 743480 52010
961326 58913 451478
974646 356948 604190
928474 748295 78661
952023 821330 103279
982009 623001 117288
982706 952491 13877
922171 825944 51975
991234 103332 387473
906066 294807 36394
986263 771926 160111
900331 729161 3481
952069 110206 638262
954460 146879 750616
979772 712748 200101
915415 389692 364105
994223 137308 296930
977910 564403 61081
905648 360725 263060
955229 192755 35060
903975 400323 132390
965580 266082 571343
944459 796983 141946
981220 106006 549633
921702 75578 298717
920048 914991 2577
973935 410425 333647
985504 540202 52252
992199 544264 101367
993317 525280 66365
989439 843319 46672
999528 991724 4739
984911 695150 194920
903881 292577 310835
984912 332664 365689
980027 96803 812088
954882 542764 13834
992183 384219 396963
914100 871315 19903
995516 878350 50172
958849 259720 588152
941304 359720 193560
975917 492633 430601
982052 205760 287919
930521 385864 316248
984744 627901 15432
927432 268228 642782
985512 680213 60890
904189 148126 529241
972759 469528 324673
962802 933765 26453
945590 179281 343964
903054 166270 29583
963301 453487 353961
907549 610093 289663
941149 557455 323923
984149 135779 243659
910482 514919 327506
972950 878373 18448
996454 237860 596851
925255 57824 483219
965145 51174 294783
999298 165452 460399
996275 707397 8551
976307 879581 65812
907956 793004 11537
954895 818407 114708
972006 237133 469982
918767 719930 119149
941983 352674 238987
920818 215931 561693
997767 899205 73062
997784 605937 205209
996784 879286 82153
976821 423851 904
935710 35446 264508
974549 743238 17998
988064 654540 86773
978120 433853 210722
916201 763670 62827
991418 393326 397223
933868 712949 44927
905493 261931 580471
976644 745410 128891
943325 627526 91141
964029 631184 149566
912609 335085 135690
940510 418821 379206
958213 431690 283187
938668 533478 273517
929272 522060 82154
987985 606367 117201
947247 929285 1311
906356 382512 129791
945235 593564 288947
956542 904726 21704
931881 130627 203751
926146 436063 149803
994992 86235 853106
940832 499647 350408
922003 614750 23061
959321 228609 672625
917849 823010 8360
995372 534483 202510
905024 677025 171846
907275 71490 120585
921483 434723 158203
922195 564076 4661
997477 926280 31936
909095 315239 548005
973252 729535 134156
965012 400810 99033
918243 409976 61771
922086 110518 670366
969537 934362 30229
971217 322903 535686
991155 392982 112924
941960 838137 5370
964141 232087 667654
932264 886174 6103
935939 154194 768997
920790 532389 283765
958451 779222 120348
979817 585329 213662
991243 253043 394104
921612 73258 83309
927465 833502 25899
940684 457748 313133
954709 172458 568523
980885 272880 666177
943692 351009 216780
948779 437142 214947
939116 591728 148490
932552 604571 291603
908105 598305 175148
970801 711641 179410
911561 413359 253523
951869 82315 604015
997568 177460 135056
962485 858410 25976
923013 163067 680995
936050 486038 26096
966608 86940 606640
916577 911069 135
924396 73884 72148
926896 394955 339925
995294 469030 184366
920744 633445 29732
912503 279726 302923
967414 849121 24872
968686 404998 209622
968609 71894 396310
971621 152153 414259
903469 175629 590128
960322 36771 158397
900717 317159 301519
946267 936517 6178
924437 642363 229307
959557 285869 244045
906338 120243 220238
929311 30938 776820
972169 547008 375333
967339 50876 250860
921232 592220 226616
999104 819403 97810
960004 222754 362046
907436 225423 490484
920258 805724 39014
933987 266849 560084
946189 321244 231729
919351 695174 78382
960132 17524 557101
971878 70103 592625
937548 96362 364565
957368 354958 204766
955733 22581 350236
943187 838392 43157
915022 286911 335463
959280 952002 1297
988462 477775 280728
969982 953015 12188
956175 724180 50975
999298 343378 531758
970971 686550 262951
991015 747219 200658
970697 659059 156993
943436 272110 664308
922797 193612 714729
949567 594913 272544
966951 223179 551105
948584 150553 423149
923775 388457 243416
948343 85861 814026
989625 111566 774761
968853 466206 136900
952426 794569 46364
900349 432608 335955
920056 205390 190550
915455 421168 330743
920531 777515 262
965121 492852 180680
952225 297179 268594
941973 874178 50811
989891 728231 96438
933527 68809 579315
930249 665378 225200
919438 679072 199603
927928 643424 188282
970742 445184 100138
990807 12019 881271
976585 411948 399858
998057 435282 474233
962342 552471 37231
985091 888972 57634
920921 174470 17174
960847 364145 466988
975567 700379 90467
908515 542551 151175
966137 502545 106853
997999 777713 171493
954700 832705 36574
968472 492692 339425
963089 220324 687329
986894 121672 185808
996807 945117 42872
978034 811592 161008
950295 909173 32309
913940 458135 366432
972673 373694 59828
958299 904664 47070
974998 896853 28022
955187 888313 52185
967441 66537 435321
921030 362731 456357
905844 641082 55837
955410 466533 93441
999975 831935 107995
926274 811324 340
962235 65727 151956
978599 580509 341295
949821 16090 680573
968839 815905 3220
901004 873445 5112
908658 527557 81563
960541 11186 282345
961220 943145 1408
987894 103182 360672
983427 699735 228590
972684 961074 8079
905452 361375 431016
963376 917086 25796
901158 474240 286792
954564 31040 763281
935739 178518 637610
982520 511054 258341
975363 919455 53413
925005 828467 70695
932685 856151 16408
912343 142387 512378
936652 544442 257583
963910 70856 775454
952763 720014 72201
958399 220590 235312
915553 147554 16857
961609 589264 165617
902409 37709 50543
977012 764779 131335
969041 715471 247794
937473 882490 44027
995487 629814 106472
921681 142858 204346
965877 534343 213828
964209 27432 219607
917681 741858 171158
918598 749001 143817
927501 577947 87403
989257 690082 41294
975409 41572 706363
985735 558293 150319
976567 138236 473985
969709 332929 301019
995832 783276 17842
956094 272737 115809
905058 890631 13141
962112 851213 31555
909774 719213 91736
990705 294896 166413
946260 902259 12166
976422 312954 16999
993532 585521 326567
934243 478197 208413
946112 424613 190192
998254 502089 107306
932716 455333 34685
932346 531062 237084
991457 611381 189573
963402 632523 136260
925193 789591 6014
945870 911552 16352
946555 770200 75121
906381 895250 7400
947029 822773 115962
901673 894120 3392
934522 138565 480921
946903 556925 38583
941063 89955 715957
928150 784800 7311
997421 403499 215236
907933 608532 288226
929069 463104 63733
953748 672072 140831
918975 849527 53470
936932 723798 97783
947362 471551 10964
955323 373215 261817
939277 765508 166949
976296 775185 118660
957083 35690 489485
927898 920171 3412
932460 165834 733720
964299 485030 410452
941308 764995 39560
925949 416550 186843
967422 304547 564296
931145 787264 7322
900408 58258 699505
999371 107432 194135
958733 44588 348777
920037 118410 191068
996449 82992 906573
967229 373422 319440
989700 104956 775356
943595 259489 64174
981532 146233 257487
954384 435521 313504
992702 843229 6262
921197 239271 372129
968019 571210 361089
914237 243758 97897
951432 349548 102105
908673 773204 117914
939708 605316 193033
930808 496977 82902
902552 744197 611
918654 103217 332305
918086 866039 37933
940123 583408 353593
944710 602333 32557
921633 817985 45602
933382 433840 161978
945121 561730 136420
904796 15001 830100
937363 6814 908030
952419 417536 32273
917385 706921 6311
963407 841793 55605
958187 153017 540779
901096 391474 445759
950868 718745 192749
911186 785215 18517
978499 237339 459567
987333 509309 129253
943738 677724 147885
958605 512717 305305
929819 658357 22730
995412 146738 546157
931733 719687 101871
992683 191448 51353
997226 950856 15144
975951 585063 274323
963937 186842 436839
969857 835212 24102
933420 130734 343615
952729 644047 96451
946688 359154 363364
917598 802568 79842
999897 675024 54046
984652 975835 6786
949277 332367 118165
999053 509416 397740
951010 442926 390498
950268 661357 258305
901624 421721 301967
926087 45368 631954
992428 748244 242386
985328 221571 447610
984545 473009 110411
999211 931205 13646
963124 57638 608731
978097 876393 19941
988019 702813 69319
955037 771691 4792
966484 164997 748423
949744 726618 118955
963424 15823 57858
937341 858519 28047
917852 393194 229621
985745 962094 5960
968295 807392 16744
911784 29791 749261
959459 579866 20127
975255 936566 38037
945383 177607 509
986909 446660 173485
936212 162012 186254
923626 307813 289912
983101 692468 73329
998181 613565 187968
937167 131122 636291
965686 506927 74774
950087 686639 232475
941379 868328 71673
989831 971466 17790
980714 84658 209297
940115 585988 298052
960460 863413 93584
910726 545060 243883
959106 534955 74024
937513 554814 213129
943665 906501 9559
988361 678422 279379
943270 90718 255681
947075 35977 715622
998965 596295 22894
999628 387598 402773
945190 558762 282234
940290 203988 460014
902778 670275 528
902049 302852 550387
922748 347249 472259
943957 73037 647347
925133 68212 414505
941531 692953 45744
938535 64641 550025
970348 724591 110329
989535 432135 434106
987017 800487 95337
962247 131650 555171
997053 3422 646191
944954 909343 7821
955283 186159 154078
945424 828808 109377
973106 654493 180576
928162 303369 122522
942248 910035 29388
988184 247540 586997
910078 311963 222471
969599 308360 564359
958557 252884 114851
998113 141764 610038
915579 591273 114069
999317 912919 68763
976244 15826 281621
909787 363192 404105
949855 131448 479280
928780 248524 305283
959047 92913 361986
980946 479206 377474
964551 778883 27318
928262 824801 49122
978476 410720 420244
959149 367576 531523
995414 954185 17333
996097 177487 568449
916085 579060 305079
925726 196022 199660
981851 18672 407761
987829 824185 83335
973202 604935 229552
951376 531289 163395
950951 138546 365962
910858 561498 171847
992874 550189 4102
970103 392060 299422
921652 844130 31364
922473 273413 521674
928045 733939 115008
964798 949241 4259
985978 243015 478984
933791 329009 290113
922700 812453 34771
951932 293431 578925
920805 14347 597886
989211 284625 49136
983288 592771 198171
920187 547159 361939
945041 582547 166933
916895 867393 48064
967639 378914 510964
994527 84125 587694
993118 138182 22771
958240 576064 210899
932689 635214 190839
928231 498957 382164
908258 550423 246204
988856 954782 27899
995749 456364 327645
910788 449527 159971
905449 846678 17616
936583 802744 110178
971917 753844 19910
913346 230542 400275
988079 66903 405035
988990 720059 166905
969830 729533 121487
935899 368413 66872
909669 853821 12426
902834 670208 124483
963838 370957 159001
995011 255377 696606
997441 577044 101201
977474 343913 447806
987042 724611 186847
914247 361886 98639
964651 829453 28998
905190 762323 68113
956050 32766 246481
929568 726163 21101
975342 88959 570674
911956 55390 367212
950287 847193 36169
950751 13657 697575
971586 525638 165892
945481 622490 110143
984314 944422 21325
996344 22167 320103
937722 689531 75691
904197 665063 108862
990203 923154 39730
984839 632658 246723
924686 423927 58816
965311 29329 200685
920058 225337 641496
960654 894495 51195
976088 738283 196812
936191 448123 97262
960508 434549 234870
942356 360524 432994
968218 244989 245090
918282 765869 91063
954855 61765 174282
959027 889338 45198
924622 733079 129121
989626 366561 48513
984639 893023 64152
974312 121329 351510
963833 157851 108872
976549 692489 86129
958379 170491 521666
968313 301224 606691
901955 721869 145766
925943 263644 557875
958324 27523 524534
970683 6041 926825
975798 816710 108789
990685 623219 148080
962634 33156 432947
929365 459276 237518
978724 955302 5715
917266 589763 19073
997124 514246 184563
959338 715476 240032
969217 425184 543649
914115 246563 390389
971037 94243 616091
999720 650843 153821
936354 202065 48832
908743 701559 35249
959242 705378 61263
939717 873878 48152
968449 497145 144631
967590 245397 366201
912518 368207 354025
995151 277032 515132
921466 145107 1448
943398 829799 26474
951612 110783 353893
993587 728974 189122
913170 680531 184276
952386 157867 232485
995902 583650 288972
929319 351344 507764
962228 678878 124029
936600 860143 1045
923119 179756 401099
981230 65052 316174
917970 607392 18924
946917 134885 459961
913787 367593 443996
997304 541238 183403
998383 616731 94533
997794 375282 282353
987580 396558 158487
971549 611492 166580
996520 507423 395184
917177 846526 33409
900536 793903 8160
982952 116467 316438
956815 821154 87803
981367 334711 247945
963619 653661 50061
988374 167644 75065
974164 15672 808134
966213 109772 33344
910614 201209 282957
945185 413540 469230
996972 899859 78800
901234 424191 428927
967911 942193 25654
977468 81441 612856
982291 190796 621831
961930 763813 178753
945702 8007 851432
995836 210568 443602
999876 78799 52131
913644 681230 80606
985666 620561 288420
933913 485869 22014
988949 722177 19034
964561 293051 165078
941700 813183 82299
918749 338746 422651
977150 878953 16525
904483 273611 477749
972297 356872 476904
944407 194033 204590
970695 776871 76953
902639 856186 37547
906841 112392 720531
956466 105948 143414
983826 837122 6653
968892 905148 41475
983684 604870 194396
986016 677924 297798
942099 783142 122105
946195 388108 305300
927136 871486 33849
981895 481624 249717
995352 615958 89019
951772 774784 135291
995917 562084 136242
910080 90839 729280
939837 328904 586245
930890 519401 361790
962724 10633 869938
918862 696986 48234
929300 569614 51392
946999 769427 89123
905872 555312 22033
978517 275273 443542
945846 48255 772748
900503 319402 95835
993939 470589 265228
970601 912941 24022
934971 420533 327631
942994 788805 32706
955428 559428 58884
910264 709781 181623
993789 907583 47250
929195 637416 43823
923893 430893 44464
978061 914451 9832
960589 399023 395343
922459 33968 801390
966037 202800 687081
900718 77853 295598
905400 702144 61686
958164 275464 507895
957256 363044 556625
998028 716609 218687
999548 136264 736152
957732 669987 282101
966308 587914 6347
965112 332776 575513
985035 963352 4504
939745 635092 246610
964455 28197 306577
988465 442655 151910
909717 220302 559411
950436 724542 9519
972787 946445 5509
989911 383936 473511
935015 649635 118769
969334 424431 252186
963469 150331 742712
919687 66801 129742
913685 430433 363016
968188 80057 177690
993458 474838 69144
966932 305456 167806
901453 772815 30929
920914 622731 208286
919727 755038 25489
909426 101 178107
945173 852412 83800
943949 898463 36549
939174 596573 86069
987194 285917 365415
962523 258409 490686
922419 374891 247046
915852 227546 498509
958723 757795 151986
976059 466736 383292
934168 554899 314585
998161 147190 818749
936721 559888 109582
973242 566342 158043
972177 573887 134509
921991 61727 731573
916049 839570 49808
921139 621511 220553
944639 107545 53952
925517 44020 221571
982434 318077 603917
952020 565219 17234
997743 936098 1637
939291 593139 100287
973995 715289 70452
986396 850505 99305
920895 590250 159920
944424 628750 218569
958434 364637 190072
967488 737803 67570
991313 248283 78580
922982 379468 487675
991316 348151 415733
972969 802796 78579
974409 591515 81849
982831 867685 45523
960758 602066 130000
914255 243867 109698
959176 85613 15212
954242 880059 38691
942810 602414 23486
975398 447817 13828
950167 680806 2690
971134 424524 500554
911540 713413 129435
943563 901997 14509
989192 299205 74021
948124 392670 446182
941497 711249 217313
997599 864069 129514
958298 777925 27120
973324 966705 1509
994695 696640 227062
903804 137957 736114
923588 830149 65533
